{
    "P1": {
        "type_id": "opencv-matrix",
        "rows": 3,
        "cols": 4,
        "dt": "d",
        "data": [ 9.3469009076912857e+02, 0.0, 3.2071961212158203e+02,
            0.0, 0.0, 9.3469009076912857e+02, 2.7268288040161133e+02,
            0.0, 0.0, 0.0, 1.0, 0.0 ]
    },
    "P2": {
        "type_id": "opencv-matrix",
        "rows": 3,
        "cols": 4,
        "dt": "d",
        "data": [ 9.3469009076912857e+02, 0.0, 3.2071961212158203e+02,
            -5.1446987361551292e+03, 0.0, 9.3469009076912857e+02,
            2.7268288040161133e+02, 0.0, 0.0, 0.0, 1.0, 0.0 ]
    },
    "Q": {
        "type_id": "opencv-matrix",
        "rows": 4,
        "cols": 4,
        "dt": "d",
        "data": [ 1.0, 0.0, 0.0, -3.2071961212158203e+02, 0.0, 1.0, 0.0,
            -2.7268288040161133e+02, 0.0, 0.0, 0.0,
            9.3469009076912857e+02, 0.0, 0.0, 1.8168023798953595e-01,
            0.0 ]
    }
}
