{
    "P1": {
        "type_id": "opencv-matrix",
        "rows": 3,
        "cols": 4,
        "dt": "d",
        "data": [ 7.9900015052301001e+02, 0.0, 6.2296019744873047e+02,
            0.0, 0.0, 7.9900015052301001e+02, 3.6557345199584961e+02,
            0.0, 0.0, 0.0, 1.0, 0.0 ]
    },
    "P2": {
        "type_id": "opencv-matrix",
        "rows": 3,
        "cols": 4,
        "dt": "d",
        "data": [ 7.9900015052301001e+02, 0.0, 6.2296019744873047e+02,
            -3.4547423023831393e+03, 0.0, 7.9900015052301001e+02,
            3.6557345199584961e+02, 0.0, 0.0, 0.0, 1.0, 0.0 ]
    },
    "Q": {
        "type_id": "opencv-matrix",
        "rows": 4,
        "cols": 4,
        "dt": "d",
        "data": [ 1.0, 0.0, 0.0, -6.2296019744873047e+02, 0.0, 1.0, 0.0,
            -3.6557345199584961e+02, 0.0, 0.0, 0.0,
            7.9900015052301001e+02, 0.0, 0.0, 2.3127633860616648e-01,
            0.0 ]
    }
}
